 0.80000  0.005155 0.005461 0.000198
 0.80800  0.005367 0.005460 0.000123
 0.81608  0.005400 0.005459 0.000109
 0.82424  0.005324 0.005459 0.000103
 0.83248  0.005460 0.005459 0.000110
 0.84081  0.005387 0.005459 0.000109
 0.84922  0.005372 0.005459 0.000209
 0.85771  0.005166 0.005459 0.000127
 0.86629  0.005341 0.005459 0.000118
 0.87495  0.005545 0.005459 0.000095
 0.88370  0.005361 0.005459 0.000084
 0.89253  0.005434 0.005459 0.000084
 0.90146  0.005452 0.005459 0.000062
 0.91047  0.005435 0.005459 0.000056
 0.91958  0.005451 0.005458 0.000050
 0.92878  0.005438 0.005459 0.000066
 0.93806  0.005524 0.005459 0.000066
 0.94744  0.005393 0.005459 0.000058
 0.95692  0.005464 0.005458 0.000048
 0.96649  0.005473 0.005458 0.000045
 0.97615  0.005425 0.005458 0.000046
 0.98591  0.005445 0.005458 0.000043
 0.99577  0.005494 0.005458 0.000047
 1.00573  0.005444 0.005458 0.000040
 1.01579  0.005479 0.005458 0.000041
 1.02595  0.005496 0.005458 0.000040
 1.03621  0.005418 0.005458 0.000043
 1.04657  0.005478 0.005458 0.000038
 1.05703  0.005504 0.005458 0.000034
 1.06760  0.005470 0.005458 0.000034
 1.07828  0.005404 0.005458 0.000032
 1.08906  0.005465 0.005458 0.000031
 1.09995  0.005510 0.005458 0.000032
 1.11095  0.005471 0.005458 0.000032
 1.12206  0.005437 0.005459 0.000030
 1.13328  0.005514 0.005459 0.000031
 1.14462  0.005473 0.005458 0.000030
 1.15606  0.005460 0.005458 0.000028
 1.16762  0.005486 0.005458 0.000028
 1.17930  0.005417 0.005458 0.000030
 1.19109  0.005482 0.005457 0.000027
 1.20300  0.005451 0.005458 0.000027
 1.21503  0.005466 0.005458 0.000026
 1.22718  0.005454 0.005458 0.000025
 1.23945  0.005416 0.005457 0.000026
 1.25185  0.005403 0.005457 0.000026
 1.26437  0.005480 0.005460 0.000025
 1.27701  0.005483 0.005458 0.000025
 1.28978  0.005437 0.005457 0.000026
 1.30268  0.005470 0.005457 0.000024
 1.31571  0.005473 0.005458 0.000025
 1.32886  0.005473 0.005458 0.000026
 1.34215  0.005448 0.005458 0.000030
 1.35557  0.005436 0.005461 0.000031
 1.36913  0.005428 0.005462 0.000030
 1.38282  0.005435 0.005462 0.000030
 1.39665  0.005485 0.005461 0.000031
 1.41061  0.005406 0.005460 0.000034
 1.42472  0.005399 0.005459 0.000033
 1.43897  0.005442 0.005461 0.000032
 1.45336  0.005475 0.005458 0.000030
 1.46789  0.005465 0.005458 0.000033
 1.48257  0.005450 0.005458 0.000030
 1.49740  0.005469 0.005457 0.000031
 1.51237  0.005459 0.005457 0.000030
 1.52749  0.005490 0.005457 0.000028
 1.54277  0.005447 0.005457 0.000029
 1.55820  0.005474 0.005457 0.000028
 1.57378  0.005421 0.005459 0.000027
 1.58952  0.005432 0.005457 0.000025
 1.60541  0.005458 0.005459 0.000026
 1.62146  0.005421 0.005457 0.000026
 1.63768  0.005472 0.005458 0.000025
 1.65406  0.005462 0.005458 0.000025
 1.67060  0.005451 0.005458 0.000024
 1.68730  0.005441 0.005457 0.000024
 1.70418  0.005481 0.005457 0.000026
 1.72122  0.005414 0.005457 0.000027
 1.73843  0.005483 0.005457 0.000029
 1.75581  0.005441 0.005457 0.000029
 1.77337  0.005455 0.005457 0.000031
 1.79111  0.005459 0.005458 0.000034
 1.80902  0.005448 0.005458 0.000036
 1.82711  0.005425 0.005460 0.000034
 1.84538  0.005453 0.005462 0.000038
 1.86383  0.005462 0.005461 0.000041
 1.88247  0.005432 0.005461 0.000036
 1.90129  0.005389 0.005460 0.000040
 1.92031  0.005403 0.005460 0.000038
 1.93951  0.005463 0.005460 0.000038
 1.95891  0.005487 0.005466 0.000038
 1.97850  0.005396 0.005459 0.000039
 1.99828  0.005483 0.005466 0.000038
 2.01826  0.005468 0.005468 0.000041
 2.03845  0.005483 0.005460 0.000040
 2.05883  0.005469 0.005464 0.000040
 2.07942  0.005420 0.005461 0.000038
 2.10021  0.005452 0.005458 0.000037
 2.12121  0.005449 0.005457 0.000039
 2.14243  0.005510 0.005457 0.000038
 2.16385  0.005458 0.005458 0.000036
 2.18549  0.005500 0.005457 0.000036
 2.20734  0.005464 0.005458 0.000037
 2.22942  0.005504 0.005458 0.000038
 2.25171  0.005469 0.005459 0.000036
 2.27423  0.005459 0.005459 0.000037
 2.29697  0.005441 0.005460 0.000041
 2.31994  0.005451 0.005459 0.000041
 2.34314  0.005443 0.005460 0.000043
 2.36657  0.005417 0.005460 0.000047
 2.39024  0.005485 0.005459 0.000044
 2.41414  0.005473 0.005458 0.000049
 2.43828  0.005380 0.005458 0.000051
 2.46266  0.005482 0.005458 0.000054
 2.48729  0.005414 0.005460 0.000053
 2.51216  0.005522 0.005459 0.000058
 2.53729  0.005478 0.005460 0.000062
 2.56266  0.005343 0.005464 0.000059
 2.58828  0.005506 0.005468 0.000058
 2.61417  0.005482 0.005469 0.000063
 2.64031  0.005556 0.005465 0.000062
 2.66671  0.005457 0.005484 0.000060
 2.69338  0.005452 0.005500 0.000063
 2.72031  0.005278 0.005486 0.000068
 2.74752  0.005547 0.005490 0.000068
 2.77499  0.005428 0.005496 0.000067
 2.85000  0.005601 0.005468 0.000060
 2.87850  0.005448 0.005463 0.000062
 2.90729  0.005428 0.005459 0.000059
 2.93636  0.005366 0.005458 0.000059
 2.96572  0.005420 0.005459 0.000057
 2.99538  0.005428 0.005458 0.000057
 3.02533  0.005442 0.005458 0.000056
 3.05559  0.005418 0.005458 0.000055
 3.08614  0.005484 0.005458 0.000054
 3.11700  0.005432 0.005459 0.000052
 3.14817  0.005391 0.005459 0.000053
 3.17965  0.005460 0.005460 0.000052
 3.21145  0.005496 0.005462 0.000051
 3.24357  0.005460 0.005463 0.000049
 3.27600  0.005535 0.005469 0.000049
 3.30876  0.005407 0.005473 0.000049
 3.34185  0.005454 0.005463 0.000047
 3.37527  0.005564 0.005462 0.000047
 3.40902  0.005460 0.005461 0.000046
 3.44311  0.005447 0.005460 0.000045
 3.47754  0.005473 0.005460 0.000045
 3.51232  0.005461 0.005458 0.000043
 3.54744  0.005384 0.005459 0.000044
 3.58291  0.005525 0.005463 0.000042
 3.61874  0.005433 0.005461 0.000043
 3.65493  0.005402 0.005459 0.000043
 3.69148  0.005468 0.005458 0.000041
 3.72840  0.005496 0.005458 0.000040
 3.76568  0.005485 0.005457 0.000040
 3.80334  0.005418 0.005458 0.000039
 3.84137  0.005480 0.005458 0.000040
 3.87978  0.005430 0.005460 0.000039
 3.91858  0.005422 0.005460 0.000038
 3.95777  0.005449 0.005458 0.000038
 3.99734  0.005478 0.005458 0.000039
 4.03732  0.005531 0.005458 0.000040
 4.07769  0.005495 0.005458 0.000041
 4.11847  0.005448 0.005458 0.000042
 4.15965  0.005488 0.005461 0.000042
 4.20125  0.005529 0.005499 0.000042
 4.24326  0.005444 0.005529 0.000043
 4.28569  0.005472 0.005530 0.000043
 4.32855  0.005499 0.005519 0.000048
 4.37184  0.005457 0.005504 0.000048
 4.41556  0.005523 0.005495 0.000049
 4.45971  0.005470 0.005484 0.000050
 4.50431  0.005505 0.005474 0.000051
 4.54935  0.005436 0.005470 0.000050
 4.59484  0.005476 0.005464 0.000051
 4.64079  0.005425 0.005460 0.000053
 4.68720  0.005387 0.005472 0.000053
 4.73407  0.005435 0.005486 0.000052
 4.78141  0.005514 0.005484 0.000053
 4.82923  0.005484 0.005480 0.000057
 4.87752  0.005392 0.005468 0.000055
 4.92630  0.005415 0.005463 0.000056
 4.97556  0.005387 0.005460 0.000056
 5.02531  0.005526 0.005459 0.000059
 5.07557  0.005334 0.005458 0.000059
 5.12632  0.005548 0.005459 0.000058
 5.17759  0.005614 0.005460 0.000061
 5.22936  0.005517 0.005461 0.000060
 5.28166  0.005506 0.005460 0.000061
 5.33447  0.005441 0.005460 0.000062
 5.38782  0.005549 0.005459 0.000061
 5.44169  0.005409 0.005463 0.000070
 5.49611  0.005586 0.005462 0.000070
 5.55107  0.005542 0.005463 0.000071
 5.60658  0.005554 0.005463 0.000069
 5.66265  0.005474 0.005465 0.000069
 5.71928  0.005478 0.005468 0.000069
 5.77647  0.005521 0.005470 0.000069
 5.83423  0.005458 0.005471 0.000068
 5.89258  0.005428 0.005472 0.000070
 5.95150  0.005453 0.005469 0.000069
 6.01102  0.005417 0.005466 0.000068
 6.07113  0.005507 0.005471 0.000069
 6.13184  0.005416 0.005468 0.000066
 6.19316  0.005455 0.005465 0.000068
 6.25509  0.005458 0.005461 0.000066
 6.31764  0.005468 0.005463 0.000066
 6.38081  0.005445 0.005467 0.000066
 6.44462  0.005484 0.005470 0.000068
 6.50907  0.005396 0.005472 0.000071
 6.57416  0.005462 0.005471 0.000071
 6.63990  0.005286 0.005470 0.000072
 6.70630  0.005457 0.005466 0.000073
 6.77336  0.005570 0.005465 0.000073
 6.84110  0.005354 0.005466 0.000071
 6.90951  0.005622 0.005461 0.000072
 6.97860  0.005518 0.005462 0.000071
 7.04839  0.005441 0.005463 0.000072
 7.11887  0.005419 0.005460 0.000072
 7.19006  0.005377 0.005462 0.000070
 7.26196  0.005563 0.005462 0.000070
 7.33458  0.005415 0.005463 0.000071
 7.40793  0.005597 0.005465 0.000071
 7.48201  0.005490 0.005466 0.000071
 7.55683  0.005288 0.005463 0.000070
 7.63240  0.005537 0.005469 0.000071
 7.70872  0.005439 0.005472 0.000071
 7.78581  0.005456 0.005467 0.000070
 7.86366  0.005420 0.005469 0.000071
 7.94230  0.005456 0.005466 0.000072
 8.02172  0.005555 0.005462 0.000074
 8.10194  0.005537 0.005460 0.000074
 8.18296  0.005530 0.005459 0.000075
 8.26479  0.005356 0.005458 0.000075
 8.34744  0.005500 0.005459 0.000077
 8.43091  0.005342 0.005461 0.000077
 8.51522  0.005506 0.005463 0.000078
 8.60037  0.005478 0.005463 0.000079
 8.68638  0.005466 0.005465 0.000079
 8.77324  0.005429 0.005466 0.000079
 8.86097  0.005412 0.005467 0.000080
 8.94958  0.005405 0.005467 0.000080
 9.03908  0.005459 0.005466 0.000081
 9.12947  0.005491 0.005468 0.000082
 9.22077  0.005459 0.005470 0.000083
 9.31297  0.005374 0.005472 0.000084
 9.40610  0.005567 0.005497 0.000085
 9.50016  0.005530 0.005504 0.000086
 9.59517  0.005512 0.005500 0.000087
 9.69112  0.005326 0.005503 0.000088
 9.78803  0.005485 0.005501 0.000090
 9.88591  0.005436 0.005496 0.000090
 9.98477  0.005483 0.005488 0.000091
10.08462  0.005461 0.005478 0.000093
10.18546  0.005479 0.005468 0.000094
10.28732  0.005466 0.005462 0.000096
10.39019  0.005492 0.005459 0.000098
10.49409  0.005443 0.005458 0.000099
10.59903  0.005596 0.005458 0.000104
10.70502  0.005152 0.005458 0.000131
10.81207  0.005255 0.005457 0.000132
10.92019  0.005571 0.005457 0.000132
11.02940  0.005464 0.005457 0.000132
11.13969  0.005356 0.005457 0.000133
11.25109  0.005546 0.005457 0.000134
11.36360  0.005427 0.005457 0.000133
11.47723  0.005396 0.005457 0.000137
11.59201  0.005487 0.005457 0.000137
11.70793  0.005486 0.005457 0.000135
11.82500  0.005227 0.005457 0.000136
11.94325  0.005324 0.005457 0.000134
12.06269  0.005373 0.005458 0.000137
12.18331  0.005370 0.005458 0.000137
12.30515  0.005577 0.005459 0.000135
12.42820  0.005579 0.005459 0.000138
12.55248  0.005393 0.005460 0.000136
12.67801  0.005505 0.005462 0.000138
12.80479  0.005744 0.005462 0.000138
12.93283  0.005292 0.005464 0.000139
13.06216  0.005494 0.005465 0.000139
13.19278  0.005413 0.005469 0.000141
13.32471  0.005655 0.005472 0.000139
13.45796  0.005673 0.005479 0.000140
13.59254  0.005263 0.005480 0.000141
13.72846  0.005461 0.005481 0.000142
13.86575  0.005342 0.005493 0.000141
14.00441  0.005496 0.005488 0.000143
14.14445  0.005190 0.005490 0.000142
14.28589  0.005581 0.005496 0.000144
14.42875  0.005493 0.005502 0.000144
14.57304  0.005754 0.005506 0.000142
14.71877  0.005524 0.005508 0.000147
14.86596  0.005605 0.005512 0.000143
15.01462  0.005511 0.005523 0.000145
15.16476  0.005527 0.005508 0.000146
15.31641  0.005671 0.005509 0.000149
15.46958  0.005783 0.005507 0.000152
15.62427  0.005364 0.005500 0.000151
15.78051  0.005567 0.005495 0.000158
15.93832  0.005416 0.005488 0.000161
16.09770  0.005522 0.005481 0.000164
16.25868  0.005756 0.005487 0.000165
16.42127  0.005297 0.005477 0.000167
16.58548  0.005505 0.005474 0.000172
16.75133  0.005562 0.005477 0.000171
16.91885  0.005317 0.005472 0.000175
17.08804  0.005542 0.005466 0.000178
17.25892  0.005552 0.005465 0.000185
17.43151  0.005400 0.005462 0.000186
17.60582  0.005464 0.005461 0.000189
17.78188  0.005566 0.005459 0.000194
17.95970  0.005540 0.005459 0.000193
18.13929  0.005616 0.005458 0.000200
18.32069  0.005613 0.005461 0.000198
18.50389  0.005312 0.005458 0.000207
18.68893  0.005419 0.005458 0.000209
18.87582  0.005528 0.005458 0.000215
19.06458  0.005260 0.005458 0.000215
19.25523  0.005463 0.005459 0.000225
19.44778  0.005515 0.005458 0.000226
19.64226  0.005752 0.005458 0.000233
19.83868  0.005548 0.005459 0.000237
20.03707  0.004824 0.005458 0.000234
20.23744  0.005540 0.005458 0.000248
20.43981  0.005569 0.005458 0.000252
20.64421  0.005958 0.005459 0.000253
20.85065  0.005666 0.005458 0.000258
21.05916  0.004995 0.005459 0.000264
21.26975  0.004923 0.005459 0.000270
21.48245  0.005351 0.005458 0.000281
21.69727  0.005420 0.005458 0.000286
21.91424  0.005248 0.005462 0.000285
22.13339  0.005195 0.005458 0.000298
22.35472  0.006109 0.005458 0.000303
22.57827  0.005503 0.005461 0.000312
22.80405  0.005730 0.005458 0.000312
23.03209  0.005104 0.005458 0.000329
23.26241  0.005266 0.005459 0.000334
23.49504  0.005452 0.005459 0.000349
23.72999  0.005635 0.005462 0.000347
23.96729  0.005526 0.005464 0.000358
24.20696  0.005607 0.005458 0.000366
24.44903  0.005095 0.005458 0.000384
24.69352  0.005392 0.005458 0.000389
24.94045  0.004434 0.005461 0.000406
25.18986  0.005920 0.005467 0.000403
25.44176  0.005417 0.005460 0.000421
25.69617  0.006033 0.005458 0.000440
25.95314  0.006054 0.005464 0.000453
26.21267  0.006063 0.005459 0.000459
26.47479  0.005392 0.005462 0.000458
26.73954  0.005137 0.005464 0.000494
27.00694  0.005611 0.005463 0.000486
27.27701  0.005404 0.005459 0.000533
27.54978  0.003991 0.005459 0.000525
27.82527  0.005644 0.005462 0.000561
28.10353  0.005556 0.005467 0.000579
28.38456  0.005298 0.005469 0.000613
28.66841  0.003710 0.005465 0.000639
28.95509  0.005468 0.005461 0.000640
29.24464  0.005626 0.005464 0.000643
29.53709  0.006341 0.005462 0.000645
29.83246  0.005712 0.005469 0.000648