 0.80000  0.005644 0.005461 0.000335
 0.80267  0.005597 0.005461 0.000250
 0.80534  0.005653 0.005460 0.000237
 0.80803  0.005564 0.005460 0.000212
 0.81072  0.005275 0.005459 0.000197
 0.81342  0.005545 0.005459 0.000179
 0.81613  0.005414 0.005459 0.000168
 0.81885  0.005637 0.005459 0.000264
 0.82158  0.005624 0.005459 0.000180
 0.82432  0.005404 0.005459 0.000174
 0.82707  0.005605 0.005459 0.000182
 0.82983  0.005771 0.005459 0.000190
 0.83259  0.005476 0.005459 0.000200
 0.83537  0.005532 0.005459 0.000184
 0.83815  0.005510 0.005459 0.000206
 0.84095  0.005397 0.005459 0.000169
 0.84375  0.005031 0.005459 0.000211
 0.84656  0.005120 0.005459 0.000464
 0.84938  0.005451 0.005459 0.000280
 0.85222  0.005925 0.005459 0.000300
 0.85506  0.005851 0.005459 0.000239
 0.85791  0.005346 0.005459 0.000205
 0.86077  0.005401 0.005459 0.000204
 0.86364  0.005685 0.005459 0.000206
 0.86651  0.005194 0.005459 0.000200
 0.86940  0.005214 0.005459 0.000210
 0.87230  0.005531 0.005459 0.000174
 0.87521  0.005378 0.005459 0.000164
 0.87813  0.005128 0.005459 0.000157
 0.88105  0.005292 0.005459 0.000142
 0.88399  0.005611 0.005459 0.000141
 0.88694  0.005273 0.005459 0.000158
 0.88989  0.005504 0.005459 0.000162
 0.89286  0.005503 0.005459 0.000124
 0.89584  0.005435 0.005459 0.000149
 0.89882  0.005364 0.005459 0.000111
 0.90182  0.005337 0.005459 0.000123
 0.90482  0.005338 0.005459 0.000096
 0.90784  0.005743 0.005459 0.000100
 0.91087  0.005498 0.005459 0.000094
 0.91390  0.005445 0.005459 0.000100
 0.91695  0.005584 0.005459 0.000083
 0.92000  0.005586 0.005458 0.000081
 0.92307  0.005448 0.005458 0.000106
 0.92615  0.005437 0.005458 0.000103
 0.92924  0.005703 0.005458 0.000132
 0.93233  0.005453 0.005459 0.000106
 0.93544  0.005518 0.005459 0.000114
 0.93856  0.005516 0.005459 0.000127
 0.94169  0.005361 0.005459 0.000105
 0.94483  0.005459 0.005459 0.000108
 0.94798  0.005289 0.005459 0.000098
 0.95114  0.005335 0.005459 0.000090
 0.95431  0.005596 0.005459 0.000088
 0.95749  0.005467 0.005458 0.000079
 0.96068  0.005456 0.005458 0.000082
 0.96388  0.005515 0.005458 0.000081
 0.96709  0.005525 0.005458 0.000081
 0.97032  0.005441 0.005458 0.000071
 0.97355  0.005329 0.005458 0.000086
 0.97680  0.005490 0.005458 0.000081
 0.98005  0.005553 0.005458 0.000077
 0.98332  0.005406 0.005458 0.000077
 0.98660  0.005429 0.005458 0.000071
 0.98989  0.005578 0.005458 0.000083
 0.99319  0.005272 0.005458 0.000087
 0.99650  0.005306 0.005458 0.000075
 0.99982  0.005522 0.005458 0.000076
 1.00315  0.005436 0.005458 0.000074
 1.00649  0.005425 0.005458 0.000071
 1.00985  0.005457 0.005458 0.000062
 1.01322  0.005319 0.005458 0.000070
 1.01659  0.005406 0.005458 0.000071
 1.01998  0.005518 0.005458 0.000074
 1.02338  0.005454 0.005458 0.000067
 1.02679  0.005513 0.005458 0.000074
 1.03022  0.005476 0.005458 0.000067
 1.03365  0.005484 0.005458 0.000078
 1.03710  0.005265 0.005458 0.000075
 1.04055  0.005371 0.005458 0.000070
 1.04402  0.005522 0.005458 0.000066
 1.04750  0.005386 0.005458 0.000067
 1.05099  0.005515 0.005458 0.000067
 1.05450  0.005456 0.005458 0.000056
 1.05801  0.005483 0.005458 0.000057
 1.06154  0.005466 0.005458 0.000060
 1.06508  0.005449 0.005458 0.000058
 1.06863  0.005353 0.005458 0.000060
 1.07219  0.005481 0.005458 0.000056
 1.07576  0.005452 0.005458 0.000055
 1.07935  0.005463 0.005458 0.000057
 1.08295  0.005423 0.005458 0.000052
 1.08656  0.005475 0.005458 0.000053
 1.09018  0.005401 0.005458 0.000053
 1.09381  0.005420 0.005458 0.000052
 1.09746  0.005425 0.005458 0.000053
 1.10112  0.005520 0.005458 0.000050
 1.10479  0.005411 0.005458 0.000064
 1.10847  0.005539 0.005458 0.000054
 1.11216  0.005490 0.005458 0.000054
 1.11587  0.005321 0.005458 0.000054
 1.11959  0.005458 0.005458 0.000054
 1.12332  0.005495 0.005459 0.000051
 1.12707  0.005467 0.005459 0.000053
 1.13082  0.005444 0.005458 0.000053
 1.13459  0.005447 0.005459 0.000052
 1.13838  0.005365 0.005458 0.000053
 1.14217  0.005518 0.005458 0.000059
 1.14598  0.005439 0.005459 0.000050
 1.14980  0.005534 0.005458 0.000048
 1.15363  0.005503 0.005458 0.000048
 1.15748  0.005388 0.005458 0.000048
 1.16133  0.005437 0.005458 0.000051
 1.16520  0.005453 0.005458 0.000049
 1.16909  0.005478 0.005458 0.000051
 1.17299  0.005457 0.005458 0.000050
 1.17690  0.005325 0.005458 0.000054
 1.18082  0.005330 0.005458 0.000050
 1.18475  0.005509 0.005458 0.000048
 1.18870  0.005425 0.005458 0.000048
 1.19267  0.005488 0.005457 0.000047
 1.19664  0.005535 0.005457 0.000049
 1.20063  0.005496 0.005457 0.000048
 1.20463  0.005438 0.005458 0.000045
 1.20865  0.005510 0.005458 0.000046
 1.21268  0.005443 0.005457 0.000045
 1.21672  0.005460 0.005458 0.000044
 1.22077  0.005389 0.005458 0.000045
 1.22484  0.005483 0.005458 0.000043
 1.22893  0.005546 0.005457 0.000044
 1.23302  0.005409 0.005457 0.000044
 1.23713  0.005482 0.005457 0.000043
 1.24126  0.005425 0.005457 0.000046
 1.24539  0.005425 0.005457 0.000046
 1.24955  0.005539 0.005457 0.000044
 1.25371  0.005477 0.005457 0.000051
 1.25789  0.005452 0.005458 0.000043
 1.26208  0.005450 0.005459 0.000045
 1.26629  0.005462 0.005460 0.000044
 1.27051  0.005409 0.005461 0.000042
 1.27475  0.005380 0.005458 0.000043
 1.27900  0.005434 0.005458 0.000043
 1.28326  0.005490 0.005457 0.000045
 1.28754  0.005461 0.005457 0.000044
 1.29183  0.005513 0.005457 0.000044
 1.29613  0.005512 0.005457 0.000043
 1.30045  0.005476 0.005457 0.000042
 1.30479  0.005447 0.005457 0.000042
 1.30914  0.005452 0.005457 0.000042
 1.31350  0.005540 0.005457 0.000042
 1.31788  0.005496 0.005458 0.000042
 1.32227  0.005417 0.005458 0.000043
 1.32668  0.005442 0.005457 0.000043
 1.33110  0.005464 0.005458 0.000044
 1.33554  0.005521 0.005458 0.000052
 1.33999  0.005474 0.005458 0.000055
 1.34446  0.005467 0.005458 0.000050
 1.34894  0.005487 0.005459 0.000050
 1.35344  0.005415 0.005460 0.000056
 1.35795  0.005513 0.005461 0.000051
 1.36247  0.005395 0.005462 0.000057
 1.36702  0.005357 0.005462 0.000049
 1.37157  0.005549 0.005461 0.000053
 1.37615  0.005495 0.005460 0.000052
 1.38073  0.005457 0.005464 0.000051
 1.38533  0.005531 0.005461 0.000051
 1.38995  0.005363 0.005460 0.000055
 1.39459  0.005428 0.005462 0.000052
 1.39923  0.005424 0.005461 0.000053
 1.40390  0.005466 0.005460 0.000057
 1.40858  0.005569 0.005460 0.000063
 1.41327  0.005511 0.005460 0.000057
 1.41798  0.005395 0.005459 0.000054
 1.42271  0.005497 0.005459 0.000061
 1.42745  0.005478 0.005459 0.000057
 1.43221  0.005451 0.005463 0.000056
 1.43699  0.005461 0.005461 0.000058
 1.44178  0.005496 0.005460 0.000056
 1.44658  0.005376 0.005459 0.000050
 1.45140  0.005419 0.005458 0.000052
 1.45624  0.005467 0.005458 0.000051
 1.46110  0.005464 0.005458 0.000059
 1.46597  0.005430 0.005458 0.000055
 1.47085  0.005577 0.005458 0.000058
 1.47576  0.005538 0.005458 0.000055
 1.48067  0.005454 0.005458 0.000052
 1.48561  0.005380 0.005458 0.000049
 1.49056  0.005504 0.005457 0.000056
 1.49553  0.005438 0.005457 0.000052
 1.50052  0.005392 0.005457 0.000056
 1.50552  0.005524 0.005457 0.000049
 1.51054  0.005524 0.005457 0.000052
 1.51557  0.005303 0.005457 0.000056
 1.52062  0.005443 0.005457 0.000047
 1.52569  0.005425 0.005457 0.000051
 1.53078  0.005451 0.005457 0.000050
 1.53588  0.005541 0.005458 0.000049
 1.54100  0.005364 0.005458 0.000049
 1.54614  0.005442 0.005457 0.000049
 1.55129  0.005424 0.005457 0.000047
 1.55646  0.005517 0.005457 0.000051
 1.56165  0.005447 0.005457 0.000048
 1.56685  0.005421 0.005457 0.000048
 1.57208  0.005461 0.005460 0.000047
 1.57732  0.005390 0.005459 0.000045
 1.58258  0.005395 0.005458 0.000046
 1.58785  0.005515 0.005457 0.000044
 1.59314  0.005450 0.005457 0.000043
 1.59845  0.005427 0.005458 0.000044
 1.60378  0.005502 0.005459 0.000045
 1.60913  0.005491 0.005459 0.000044
 1.61449  0.005539 0.005458 0.000043
 1.61987  0.005415 0.005457 0.000047
 1.62527  0.005491 0.005457 0.000045
 1.63069  0.005471 0.005457 0.000042
 1.63613  0.005454 0.005458 0.000044
 1.64158  0.005482 0.005458 0.000042
 1.64705  0.005415 0.005458 0.000045
 1.65254  0.005451 0.005458 0.000042
 1.65805  0.005526 0.005457 0.000043
 1.66358  0.005485 0.005458 0.000042
 1.66912  0.005490 0.005458 0.000043
 1.67469  0.005423 0.005457 0.000041
 1.68027  0.005462 0.005457 0.000040
 1.68587  0.005434 0.005457 0.000041
 1.69149  0.005526 0.005457 0.000044
 1.69713  0.005420 0.005457 0.000042
 1.70278  0.005405 0.005458 0.000043
 1.70846  0.005481 0.005458 0.000046
 1.71416  0.005502 0.005457 0.000045
 1.71987  0.005435 0.005457 0.000044
 1.72560  0.005552 0.005458 0.000047
 1.73135  0.005424 0.005457 0.000053
 1.73713  0.005422 0.005457 0.000048
 1.74292  0.005402 0.005457 0.000048
 1.74873  0.005505 0.005457 0.000050
 1.75455  0.005420 0.005457 0.000049
 1.76040  0.005468 0.005457 0.000053
 1.76627  0.005461 0.005457 0.000051
 1.77216  0.005429 0.005457 0.000053
 1.77807  0.005437 0.005457 0.000051
 1.78399  0.005492 0.005457 0.000059
 1.78994  0.005454 0.005458 0.000054
 1.79591  0.005434 0.005458 0.000063
 1.80189  0.005499 0.005458 0.000071
 1.80790  0.005446 0.005458 0.000061
 1.81392  0.005463 0.005459 0.000060
 1.81997  0.005479 0.005460 0.000061
 1.82604  0.005434 0.005459 0.000058
 1.83212  0.005408 0.005460 0.000060
 1.83823  0.005508 0.005462 0.000061
 1.84436  0.005370 0.005461 0.000070
 1.85051  0.005360 0.005461 0.000064
 1.85668  0.005417 0.005461 0.000068
 1.86286  0.005494 0.005461 0.000072
 1.86907  0.005422 0.005463 0.000069
 1.87530  0.005645 0.005463 0.000066
 1.88155  0.005396 0.005461 0.000055
 1.88783  0.005519 0.005459 0.000065
 1.89412  0.005418 0.005459 0.000064
 1.90043  0.005401 0.005461 0.000070
 1.90677  0.005357 0.005460 0.000070
 1.91312  0.005391 0.005461 0.000066
 1.91950  0.005474 0.005460 0.000065
 1.92590  0.005354 0.005459 0.000067
 1.93232  0.005401 0.005459 0.000066
 1.93876  0.005468 0.005459 0.000065
 1.94522  0.005506 0.005461 0.000064
 1.95171  0.005502 0.005465 0.000069
 1.95821  0.005455 0.005468 0.000065
 1.96474  0.005536 0.005466 0.000067
 1.97129  0.005386 0.005462 0.000065
 1.97786  0.005459 0.005459 0.000068
 1.98445  0.005392 0.005458 0.000072
 1.99107  0.005581 0.005458 0.000067
 1.99770  0.005432 0.005464 0.000067
 2.00436  0.005483 0.005475 0.000069
 2.01104  0.005441 0.005472 0.000074
 2.01775  0.005412 0.005470 0.000066
 2.02447  0.005440 0.005463 0.000074
 2.03122  0.005465 0.005460 0.000069
 2.03799  0.005427 0.005460 0.000068
 2.04479  0.005387 0.005461 0.000069
 2.05160  0.005451 0.005465 0.000070
 2.05844  0.005399 0.005464 0.000069
 2.06530  0.005403 0.005464 0.000071
 2.07219  0.005411 0.005463 0.000064
 2.07909  0.005351 0.005460 0.000066
 2.08602  0.005527 0.005460 0.000066
 2.09298  0.005407 0.005459 0.000062
 2.09995  0.005455 0.005458 0.000060
 2.10695  0.005588 0.005458 0.000064
 2.11398  0.005456 0.005458 0.000067
 2.12102  0.005412 0.005457 0.000068
 2.12809  0.005456 0.005457 0.000065
 2.13519  0.005407 0.005457 0.000067
 2.14230  0.005413 0.005457 0.000063
 2.14945  0.005510 0.005458 0.000065
 2.15661  0.005433 0.005457 0.000065
 2.16380  0.005385 0.005458 0.000062
 2.17101  0.005472 0.005457 0.000062
 2.17825  0.005500 0.005457 0.000065
 2.18551  0.005425 0.005457 0.000061
 2.19279  0.005429 0.005457 0.000062
 2.20010  0.005391 0.005459 0.000064
 2.20744  0.005348 0.005458 0.000064
 2.21480  0.005502 0.005457 0.000063
 2.22218  0.005492 0.005457 0.000065
 2.22959  0.005442 0.005458 0.000064
 2.23702  0.005409 0.005458 0.000069
 2.24447  0.005555 0.005459 0.000062
 2.25196  0.005564 0.005459 0.000063
 2.25946  0.005400 0.005459 0.000061
 2.26699  0.005430 0.005459 0.000062
 2.27455  0.005466 0.005459 0.000064
 2.28213  0.005434 0.005459 0.000066
 2.28974  0.005416 0.005459 0.000061
 2.29737  0.005566 0.005461 0.000080
 2.30503  0.005430 0.005460 0.000072
 2.31271  0.005479 0.005458 0.000068
 2.32042  0.005394 0.005461 0.000066
 2.32816  0.005427 0.005459 0.000078
 2.33592  0.005484 0.005460 0.000077
 2.34370  0.005314 0.005461 0.000071
 2.35152  0.005478 0.005461 0.000076
 2.35935  0.005366 0.005460 0.000073
 2.36722  0.005480 0.005460 0.000083
 2.37511  0.005494 0.005461 0.000082
 2.38303  0.005572 0.005459 0.000073
 2.39097  0.005372 0.005459 0.000078
 2.39894  0.005441 0.005459 0.000083
 2.40694  0.005293 0.005458 0.000089
 2.41496  0.005408 0.005458 0.000085
 2.42301  0.005433 0.005458 0.000079
 2.43109  0.005477 0.005458 0.000087
 2.43919  0.005397 0.005458 0.000091
 2.44732  0.005445 0.005458 0.000087
 2.45548  0.005329 0.005457 0.000097
 2.46366  0.005334 0.005457 0.000091
 2.47188  0.005554 0.005458 0.000095
 2.48012  0.005514 0.005461 0.000088
 2.48838  0.005495 0.005460 0.000097
 2.49668  0.005292 0.005460 0.000092
 2.50500  0.005543 0.005459 0.000097
 2.51335  0.005469 0.005460 0.000101
 2.52173  0.005399 0.005459 0.000102
 2.53013  0.005563 0.005460 0.000112
 2.53857  0.005376 0.005460 0.000105
 2.54703  0.005448 0.005462 0.000107
 2.55552  0.005447 0.005460 0.000100
 2.56404  0.005409 0.005466 0.000102
 2.57258  0.005479 0.005466 0.000106
 2.58116  0.005489 0.005467 0.000107
 2.58976  0.005341 0.005469 0.000099
 2.59840  0.005617 0.005470 0.000096
 2.60706  0.005366 0.005470 0.000110
 2.61575  0.005387 0.005470 0.000109
 2.62447  0.005546 0.005466 0.000106
 2.63321  0.005707 0.005468 0.000107
 2.64199  0.005489 0.005464 0.000108
 2.65080  0.005343 0.005464 0.000105
 2.65963  0.005444 0.005469 0.000101
 2.66850  0.005443 0.005489 0.000106
 2.67739  0.005478 0.005501 0.000104
 2.68632  0.005644 0.005501 0.000107
 2.69527  0.005354 0.005498 0.000118
 2.70426  0.005223 0.005498 0.000112
 2.71327  0.005422 0.005492 0.000117
 2.72232  0.005512 0.005485 0.000120
 2.73139  0.005520 0.005477 0.000114
 2.74050  0.005536 0.005484 0.000123
 2.74963  0.005586 0.005491 0.000115
 2.75880  0.005563 0.005497 0.000122
 2.76799  0.005478 0.005494 0.000116
 2.77722  0.005519 0.005498 0.000114
 2.78648  0.005574 0.005495 0.000116
 2.79576  0.005403 0.005488 0.000119
 2.85000  0.005548 0.005469 0.000110
 2.85950  0.005448 0.005466 0.000098
 2.86903  0.005222 0.005465 0.000103
 2.87860  0.005307 0.005463 0.000105
 2.88819  0.005563 0.005462 0.000114
 2.89782  0.005579 0.005460 0.000097
 2.90748  0.005509 0.005459 0.000109
 2.91717  0.005577 0.005458 0.000103
 2.92689  0.005487 0.005458 0.000104
 2.93665  0.005557 0.005458 0.000095
 2.94644  0.005402 0.005458 0.000109
 2.95626  0.005498 0.005458 0.000097
 2.96611  0.005611 0.005459 0.000103
 2.97600  0.005373 0.005460 0.000094
 2.98592  0.005483 0.005459 0.000105
 2.99587  0.005495 0.005458 0.000103
 3.00586  0.005393 0.005458 0.000099
 3.01588  0.005618 0.005458 0.000099
 3.02593  0.005294 0.005458 0.000097
 3.03602  0.005252 0.005458 0.000095
 3.04614  0.005499 0.005458 0.000101
 3.05629  0.005415 0.005458 0.000091
 3.06648  0.005467 0.005458 0.000094
 3.07670  0.005492 0.005458 0.000090
 3.08696  0.005404 0.005458 0.000097
 3.09725  0.005521 0.005458 0.000093
 3.10757  0.005541 0.005459 0.000090
 3.11793  0.005349 0.005458 0.000091
 3.12832  0.005432 0.005461 0.000090
 3.13875  0.005469 0.005459 0.000096
 3.14921  0.005447 0.005459 0.000089
 3.15971  0.005381 0.005459 0.000090
 3.17024  0.005624 0.005459 0.000090
 3.18081  0.005503 0.005461 0.000090
 3.19141  0.005277 0.005460 0.000091
 3.20205  0.005462 0.005462 0.000087
 3.21272  0.005582 0.005462 0.000088
 3.22343  0.005522 0.005462 0.000089
 3.23418  0.005490 0.005464 0.000087
 3.24496  0.005433 0.005464 0.000084
 3.25578  0.005602 0.005463 0.000084
 3.26663  0.005407 0.005465 0.000087
 3.27752  0.005426 0.005475 0.000087
 3.28844  0.005392 0.005468 0.000081
 3.29940  0.005525 0.005468 0.000086
 3.31040  0.005262 0.005477 0.000083
 3.32144  0.005456 0.005476 0.000083
 3.33251  0.005537 0.005463 0.000080
 3.34362  0.005494 0.005462 0.000081
 3.35476  0.005326 0.005462 0.000083
 3.36594  0.005513 0.005462 0.000081
 3.37716  0.005378 0.005462 0.000080
 3.38842  0.005348 0.005462 0.000084
 3.39972  0.005384 0.005461 0.000080
 3.41105  0.005447 0.005461 0.000078
 3.42242  0.005519 0.005460 0.000077
 3.43383  0.005466 0.005461 0.000076
 3.44527  0.005427 0.005460 0.000080
 3.45676  0.005248 0.005460 0.000081
 3.46828  0.005523 0.005460 0.000076
 3.47984  0.005538 0.005460 0.000079
 3.49144  0.005444 0.005460 0.000076
 3.50308  0.005657 0.005458 0.000076
 3.51475  0.005360 0.005458 0.000073
 3.52647  0.005466 0.005458 0.000075
 3.53823  0.005461 0.005460 0.000076
 3.55002  0.005455 0.005459 0.000077
 3.56185  0.005461 0.005460 0.000077
 3.57373  0.005615 0.005466 0.000073
 3.58564  0.005472 0.005462 0.000074
 3.59759  0.005623 0.005462 0.000074
 3.60958  0.005388 0.005462 0.000075
 3.62161  0.005553 0.005461 0.000073
 3.63369  0.005541 0.005459 0.000076
 3.64580  0.005438 0.005459 0.000074
 3.65795  0.005520 0.005458 0.000074
 3.67014  0.005609 0.005458 0.000072
 3.68238  0.005429 0.005458 0.000072
 3.69465  0.005394 0.005458 0.000072
 3.70697  0.005556 0.005458 0.000071
 3.71933  0.005449 0.005458 0.000069
 3.73172  0.005323 0.005458 0.000070
 3.74416  0.005476 0.005458 0.000070
 3.75664  0.005543 0.005457 0.000069
 3.76916  0.005456 0.005458 0.000069
 3.78173  0.005440 0.005457 0.000069
 3.79433  0.005402 0.005458 0.000070
 3.80698  0.005476 0.005458 0.000068
 3.81967  0.005517 0.005458 0.000066
 3.83240  0.005422 0.005458 0.000067
 3.84518  0.005478 0.005459 0.000070
 3.85800  0.005437 0.005459 0.000070
 3.87086  0.005427 0.005460 0.000069
 3.88376  0.005357 0.005461 0.000067
 3.89670  0.005417 0.005460 0.000066
 3.90969  0.005437 0.005460 0.000066
 3.92273  0.005514 0.005460 0.000066
 3.93580  0.005513 0.005459 0.000067
 3.94892  0.005465 0.005458 0.000067
 3.96208  0.005342 0.005458 0.000066
 3.97529  0.005488 0.005458 0.000067
 3.98854  0.005435 0.005457 0.000067
 4.00184  0.005398 0.005457 0.000069
 4.01518  0.005436 0.005458 0.000066
 4.02856  0.005428 0.005458 0.000069
 4.04199  0.005520 0.005459 0.000070
 4.05546  0.005465 0.005458 0.000071
 4.06898  0.005487 0.005458 0.000070
 4.08254  0.005470 0.005459 0.000070
 4.09615  0.005541 0.005459 0.000071
 4.10981  0.005425 0.005458 0.000073
 4.12351  0.005370 0.005458 0.000069
 4.13725  0.005525 0.005459 0.000076
 4.15104  0.005383 0.005460 0.000070
 4.16488  0.005435 0.005461 0.000076
 4.17876  0.005498 0.005465 0.000074
 4.19269  0.005577 0.005486 0.000070
 4.20667  0.005488 0.005510 0.000073
 4.22069  0.005452 0.005523 0.000074
 4.23476  0.005486 0.005530 0.000075
 4.24887  0.005633 0.005529 0.000075
 4.26304  0.005641 0.005529 0.000074
 4.27725  0.005602 0.005532 0.000074
 4.29150  0.005602 0.005529 0.000077
 4.30581  0.005505 0.005527 0.000078
 4.32016  0.005620 0.005521 0.000078
 4.33456  0.005513 0.005516 0.000086
 4.34901  0.005458 0.005512 0.000094
 4.36351  0.005594 0.005508 0.000080
 4.37805  0.005443 0.005501 0.000085
 4.39265  0.005293 0.005499 0.000083
 4.40729  0.005536 0.005497 0.000086
 4.42198  0.005423 0.005493 0.000085
 4.43672  0.005504 0.005489 0.000085
 4.45151  0.005537 0.005485 0.000086
 4.46635  0.005480 0.005482 0.000087
 4.48123  0.005521 0.005479 0.000088
 4.49617  0.005520 0.005473 0.000089
 4.51116  0.005319 0.005474 0.000090
 4.52620  0.005336 0.005473 0.000091
 4.54128  0.005504 0.005471 0.000089
 4.55642  0.005426 0.005469 0.000084
 4.57161  0.005414 0.005468 0.000092
 4.58685  0.005335 0.005465 0.000086
 4.60214  0.005300 0.005463 0.000091
 4.61748  0.005550 0.005462 0.000091
 4.63287  0.005335 0.005461 0.000090
 4.64831  0.005512 0.005460 0.000089
 4.66381  0.005419 0.005459 0.000099
 4.67935  0.005497 0.005461 0.000089
 4.69495  0.005614 0.005483 0.000091
 4.71060  0.005489 0.005490 0.000091
 4.72630  0.005407 0.005484 0.000090
 4.74206  0.005463 0.005485 0.000091
 4.75786  0.005493 0.005487 0.000090
 4.77372  0.005605 0.005486 0.000092
 4.78964  0.005487 0.005482 0.000089
 4.80560  0.005583 0.005483 0.000097
 4.82162  0.005389 0.005481 0.000099
 4.83769  0.005388 0.005478 0.000099
 4.85382  0.005456 0.005473 0.000101
 4.87000  0.005353 0.005469 0.000094
 4.88623  0.005470 0.005467 0.000093
 4.90252  0.005385 0.005466 0.000095
 4.91886  0.005489 0.005463 0.000098
 4.93526  0.005664 0.005462 0.000098
 4.95171  0.005460 0.005462 0.000098
 4.96821  0.005481 0.005460 0.000096
 4.98477  0.005445 0.005459 0.000098
 5.00139  0.005570 0.005459 0.000100
 5.01806  0.005310 0.005459 0.000104
 5.03479  0.005613 0.005458 0.000101
 5.05157  0.005125 0.005457 0.000105
 5.06841  0.005448 0.005458 0.000099
 5.08530  0.005395 0.005459 0.000099
 5.10225  0.005458 0.005458 0.000105
 5.11926  0.005384 0.005458 0.000095
 5.13632  0.005559 0.005459 0.000103
 5.15345  0.005618 0.005459 0.000101
 5.17062  0.005491 0.005463 0.000107
 5.18786  0.005377 0.005458 0.000105
 5.20515  0.005372 0.005462 0.000108
 5.22250  0.005595 0.005460 0.000102
 5.23991  0.005554 0.005461 0.000106
 5.25738  0.005576 0.005459 0.000102
 5.27490  0.005538 0.005460 0.000110
 5.29249  0.005452 0.005460 0.000104
 5.31013  0.005561 0.005459 0.000106
 5.32783  0.005378 0.005458 0.000109
 5.34559  0.005530 0.005463 0.000112
 5.36341  0.005249 0.005460 0.000103
 5.38128  0.005437 0.005459 0.000107
 5.39922  0.005542 0.005459 0.000108
 5.41722  0.005222 0.005464 0.000122
 5.43528  0.005594 0.005460 0.000121
 5.45339  0.005386 0.005461 0.000119
 5.47157  0.005375 0.005465 0.000119
 5.48981  0.005354 0.005461 0.000122
 5.50811  0.005268 0.005460 0.000124
 5.52647  0.005426 0.005463 0.000122
 5.54489  0.005438 0.005462 0.000120
 5.56337  0.005338 0.005464 0.000123
 5.58192  0.005402 0.005466 0.000123
 5.60053  0.005548 0.005461 0.000121
 5.61919  0.005434 0.005463 0.000120
 5.63792  0.005281 0.005469 0.000118
 5.65672  0.005500 0.005463 0.000120
 5.67557  0.005640 0.005464 0.000122
 5.69449  0.005454 0.005462 0.000120
 5.71347  0.005765 0.005468 0.000119
 5.73252  0.005707 0.005471 0.000120
 5.75163  0.005540 0.005473 0.000119
 5.77080  0.005682 0.005473 0.000122
 5.79003  0.005466 0.005467 0.000120
 5.80933  0.005602 0.005467 0.000115
 5.82870  0.005355 0.005474 0.000116
 5.84813  0.005129 0.005467 0.000121
 5.86762  0.005285 0.005472 0.000122
 5.88718  0.005421 0.005478 0.000123
 5.90680  0.005189 0.005467 0.000122
 5.92649  0.005372 0.005470 0.000117
 5.94625  0.005562 0.005471 0.000119
 5.96607  0.005532 0.005468 0.000120
 5.98596  0.005515 0.005471 0.000120
 6.00591  0.005381 0.005465 0.000113
 6.02593  0.005605 0.005463 0.000119
 6.04602  0.005395 0.005477 0.000125
 6.06617  0.005602 0.005472 0.000119
 6.08639  0.005619 0.005464 0.000116
 6.10668  0.005538 0.005471 0.000116
 6.12703  0.005577 0.005463 0.000112
 6.14746  0.005464 0.005466 0.000119
 6.16795  0.005312 0.005465 0.000119
 6.18851  0.005411 0.005469 0.000117
 6.20914  0.005453 0.005462 0.000120
 6.22983  0.005517 0.005462 0.000115
 6.25060  0.005548 0.005461 0.000115
 6.27144  0.005412 0.005461 0.000114
 6.29234  0.005601 0.005460 0.000114
 6.31331  0.005450 0.005459 0.000116
 6.33436  0.005534 0.005464 0.000114
 6.35547  0.005604 0.005466 0.000116
 6.37666  0.005504 0.005468 0.000115
 6.39791  0.005435 0.005467 0.000112
 6.41924  0.005308 0.005479 0.000116
 6.44064  0.005536 0.005467 0.000116
 6.46211  0.005480 0.005465 0.000121
 6.48365  0.005536 0.005477 0.000122
 6.50526  0.005284 0.005472 0.000126
 6.52694  0.005488 0.005468 0.000119
 6.54870  0.005455 0.005468 0.000123
 6.57053  0.005442 0.005474 0.000121
 6.59243  0.005482 0.005471 0.000125
 6.61441  0.005660 0.005466 0.000124
 6.63645  0.005720 0.005478 0.000129
 6.65857  0.005644 0.005464 0.000123
 6.68077  0.005594 0.005469 0.000123
 6.70304  0.005203 0.005465 0.000129
 6.72538  0.005589 0.005466 0.000129
 6.74780  0.005400 0.005461 0.000127
 6.77029  0.005456 0.005463 0.000122
 6.79286  0.005537 0.005469 0.000128
 6.81550  0.005358 0.005463 0.000127
 6.83822  0.005642 0.005462 0.000120
 6.86102  0.005303 0.005475 0.000127
 6.88389  0.005465 0.005463 0.000127
 6.90683  0.005428 0.005462 0.000122
 6.92986  0.005406 0.005459 0.000127
 6.95295  0.005672 0.005465 0.000127
 6.97613  0.005230 0.005462 0.000123
 6.99939  0.005609 0.005461 0.000123
 7.02272  0.005505 0.005462 0.000126
 7.04613  0.005639 0.005466 0.000124
 7.06961  0.005218 0.005460 0.000125
 7.09318  0.005431 0.005459 0.000126
 7.11682  0.005524 0.005460 0.000123
 7.14054  0.005391 0.005461 0.000124
 7.16435  0.005574 0.005464 0.000122
 7.18823  0.005392 0.005460 0.000122
 7.21219  0.005736 0.005462 0.000121
 7.23623  0.005468 0.005460 0.000124
 7.26035  0.005417 0.005461 0.000121
 7.28455  0.005443 0.005463 0.000124
 7.30883  0.005469 0.005462 0.000120
 7.33320  0.005302 0.005465 0.000121
 7.35764  0.005630 0.005464 0.000127
 7.38217  0.005439 0.005465 0.000123
 7.40677  0.005684 0.005464 0.000121
 7.43146  0.005380 0.005464 0.000127
 7.45623  0.005363 0.005468 0.000123
 7.48109  0.005384 0.005465 0.000123
 7.50602  0.005322 0.005465 0.000122
 7.53104  0.005510 0.005463 0.000124
 7.55615  0.005594 0.005462 0.000122
 7.58133  0.005416 0.005463 0.000121
 7.60661  0.005646 0.005463 0.000128
 7.63196  0.005831 0.005464 0.000124
 7.65740  0.005416 0.005477 0.000120
 7.68293  0.005385 0.005475 0.000121
 7.70854  0.005305 0.005472 0.000121
 7.73423  0.005401 0.005469 0.000125
 7.76001  0.005559 0.005469 0.000122
 7.78588  0.005479 0.005466 0.000120
 7.81183  0.005537 0.005467 0.000122
 7.83787  0.005432 0.005469 0.000121
 7.86400  0.005243 0.005470 0.000126
 7.89021  0.005573 0.005468 0.000127
 7.91651  0.005221 0.005467 0.000122
 7.94290  0.005304 0.005466 0.000121
 7.96938  0.005367 0.005465 0.000127
 7.99594  0.005212 0.005462 0.000126
 8.02259  0.005411 0.005463 0.000129
 8.04934  0.005489 0.005461 0.000129
 8.07617  0.005226 0.005461 0.000129
 8.10309  0.005585 0.005459 0.000131
 8.13010  0.005545 0.005459 0.000130
 8.15720  0.005458 0.005458 0.000129
 8.18439  0.005423 0.005459 0.000132
 8.21167  0.005425 0.005459 0.000131
 8.23904  0.005449 0.005458 0.000129
 8.26651  0.005385 0.005459 0.000131
 8.29406  0.005562 0.005458 0.000134
 8.32171  0.005740 0.005459 0.000135
 8.34945  0.005441 0.005459 0.000130
 8.37728  0.005495 0.005460 0.000138
 8.40520  0.005368 0.005461 0.000131
 8.43322  0.005618 0.005461 0.000135
 8.46133  0.005559 0.005462 0.000136
 8.48953  0.005474 0.005462 0.000139
 8.51783  0.005403 0.005463 0.000135
 8.54623  0.005443 0.005463 0.000135
 8.57471  0.005489 0.005463 0.000140
 8.60330  0.005657 0.005464 0.000138
 8.63197  0.005323 0.005464 0.000136
 8.66075  0.005392 0.005464 0.000139
 8.68962  0.005461 0.005465 0.000137
 8.71858  0.005560 0.005465 0.000141
 8.74764  0.005560 0.005466 0.000141
 8.77680  0.005580 0.005466 0.000136
 8.80606  0.005399 0.005467 0.000139
 8.83541  0.005175 0.005467 0.000144
 8.86486  0.005438 0.005466 0.000139
 8.89441  0.005600 0.005468 0.000138
 8.92406  0.005198 0.005467 0.000140
 8.95381  0.005559 0.005467 0.000141
 8.98365  0.005638 0.005466 0.000141
 9.01360  0.005484 0.005466 0.000141
 9.04364  0.005486 0.005466 0.000142
 9.07379  0.005362 0.005467 0.000144
 9.10404  0.005314 0.005467 0.000144
 9.13438  0.005596 0.005468 0.000145
 9.16483  0.005309 0.005468 0.000144
 9.19538  0.005516 0.005470 0.000142
 9.22603  0.005405 0.005469 0.000146
 9.25678  0.005114 0.005471 0.000147
 9.28764  0.005689 0.005470 0.000149
 9.31860  0.005460 0.005470 0.000148
 9.34966  0.005539 0.005480 0.000147
 9.38083  0.005391 0.005491 0.000149
 9.41210  0.005217 0.005500 0.000149
 9.44347  0.005460 0.005503 0.000151
 9.47495  0.005499 0.005505 0.000150
 9.50653  0.005781 0.005505 0.000152
 9.53822  0.005414 0.005503 0.000147
 9.57001  0.005748 0.005495 0.000152
 9.60191  0.005406 0.005500 0.000154
 9.63392  0.005476 0.005507 0.000155
 9.66603  0.005395 0.005505 0.000155
 9.69825  0.005496 0.005503 0.000156
 9.73058  0.005628 0.005502 0.000155
 9.76302  0.005427 0.005502 0.000156
 9.79556  0.005622 0.005502 0.000156
 9.82821  0.005662 0.005500 0.000160
 9.86097  0.005557 0.005498 0.000153
 9.89384  0.004999 0.005496 0.000162
 9.92682  0.005544 0.005493 0.000158
 9.95991  0.005850 0.005491 0.000160
 9.99311  0.005450 0.005488 0.000161
10.02642  0.005504 0.005484 0.000163
10.05984  0.005449 0.005481 0.000165
10.09337  0.005391 0.005478 0.000169
10.12702  0.005398 0.005474 0.000166
10.16078  0.005304 0.005470 0.000168
10.19465  0.005520 0.005468 0.000171
10.22863  0.005464 0.005465 0.000170
10.26272  0.005627 0.005463 0.000175
10.29693  0.005428 0.005461 0.000172
10.33125  0.005026 0.005460 0.000175
10.36569  0.005439 0.005459 0.000175
10.40024  0.005641 0.005458 0.000176
10.43491  0.005517 0.005458 0.000181
10.46970  0.005255 0.005458 0.000181
10.50459  0.005403 0.005458 0.000182
10.53961  0.005193 0.005458 0.000184
10.57474  0.005313 0.005458 0.000187
10.60999  0.005481 0.005458 0.000241
10.64536  0.005147 0.005458 0.000238
10.68084  0.005314 0.005458 0.000238
10.71644  0.005210 0.005457 0.000240
10.75217  0.005174 0.005457 0.000239
10.78801  0.005851 0.005457 0.000242
10.82397  0.005677 0.005457 0.000240
10.86005  0.005483 0.005457 0.000243
10.89625  0.005679 0.005457 0.000240
10.93257  0.005438 0.005457 0.000248
10.96901  0.005543 0.005457 0.000237
11.00557  0.005412 0.005457 0.000247
11.04226  0.005538 0.005457 0.000246
11.07907  0.006018 0.005457 0.000240
11.11600  0.005463 0.005457 0.000243
11.15305  0.005561 0.005457 0.000250
11.19023  0.005414 0.005457 0.000255
11.22753  0.005560 0.005457 0.000246
11.26495  0.005655 0.005457 0.000243
11.30250  0.005471 0.005457 0.000253
11.34018  0.005573 0.005457 0.000242
11.37798  0.005512 0.005457 0.000250
11.41590  0.005679 0.005457 0.000245
11.45396  0.005309 0.005457 0.000258
11.49214  0.005391 0.005457 0.000253
11.53044  0.005436 0.005457 0.000249
11.56888  0.005286 0.005457 0.000255
11.60744  0.005749 0.005457 0.000252
11.64613  0.005447 0.005457 0.000251
11.68495  0.005456 0.005457 0.000249
11.72390  0.005566 0.005457 0.000255
11.76298  0.004868 0.005457 0.000248
11.80219  0.005900 0.005457 0.000250
11.84153  0.005650 0.005457 0.000260
11.88101  0.005673 0.005457 0.000252
11.92061  0.005687 0.005457 0.000251
11.96034  0.005546 0.005457 0.000246
12.00021  0.005374 0.005457 0.000252
12.04021  0.005661 0.005458 0.000256
12.08035  0.005144 0.005458 0.000250
12.12061  0.005379 0.005458 0.000258
12.16102  0.006011 0.005458 0.000253
12.20155  0.005808 0.005458 0.000252
12.24223  0.005558 0.005458 0.000253
12.28303  0.005619 0.005459 0.000252
12.32398  0.005524 0.005459 0.000253
12.36506  0.004974 0.005459 0.000255
12.40627  0.005295 0.005459 0.000252
12.44763  0.005232 0.005459 0.000260
12.48912  0.005293 0.005460 0.000250
12.53075  0.005616 0.005460 0.000259
12.57252  0.005557 0.005460 0.000246
12.61443  0.005328 0.005464 0.000258
12.65648  0.005438 0.005462 0.000259
12.69866  0.005208 0.005460 0.000252
12.74099  0.005519 0.005462 0.000259
12.78346  0.005696 0.005461 0.000258
12.82607  0.005029 0.005462 0.000260
12.86883  0.005451 0.005463 0.000253
12.91172  0.005654 0.005463 0.000257
12.95476  0.005055 0.005464 0.000267
12.99795  0.005252 0.005464 0.000258
13.04127  0.005424 0.005464 0.000257
13.08474  0.005260 0.005467 0.000260
13.12836  0.004958 0.005466 0.000260
13.17212  0.005518 0.005468 0.000256
13.21603  0.005635 0.005472 0.000259
13.26008  0.005327 0.005469 0.000265
13.30428  0.005366 0.005472 0.000260
13.34863  0.005316 0.005473 0.000258
13.39312  0.005004 0.005472 0.000252
13.43777  0.005556 0.005477 0.000260
13.48256  0.005252 0.005485 0.000268
13.52750  0.005425 0.005480 0.000260
13.57259  0.005403 0.005481 0.000258
13.61784  0.005301 0.005480 0.000265
13.66323  0.005329 0.005480 0.000257
13.70877  0.005442 0.005483 0.000270
13.75447  0.005839 0.005480 0.000265
13.80032  0.005715 0.005481 0.000262
13.84632  0.005654 0.005487 0.000265
13.89247  0.005298 0.005501 0.000258
13.93878  0.005511 0.005489 0.000260
13.98524  0.005576 0.005487 0.000262
14.03186  0.005359 0.005488 0.000268
14.07863  0.005364 0.005489 0.000266
14.12556  0.005688 0.005490 0.000268
14.17265  0.005268 0.005491 0.000266
14.21989  0.005311 0.005494 0.000281
14.26729  0.005954 0.005495 0.000261
14.31485  0.005698 0.005497 0.000274
14.36256  0.005859 0.005499 0.000271
14.41044  0.005576 0.005501 0.000272
14.45847  0.005609 0.005504 0.000274
14.50667  0.005439 0.005506 0.000277
14.55502  0.005645 0.005506 0.000269
14.60354  0.005834 0.005507 0.000265
14.65222  0.005391 0.005507 0.000279
14.70106  0.005119 0.005508 0.000282
14.75006  0.005440 0.005509 0.000273
14.79923  0.005721 0.005509 0.000270
14.84856  0.005466 0.005510 0.000275
14.89806  0.005248 0.005512 0.000271
14.94772  0.005126 0.005533 0.000274
14.99754  0.005468 0.005521 0.000274
15.04753  0.005156 0.005513 0.000274
15.09769  0.005540 0.005514 0.000279
15.14802  0.005536 0.005508 0.000271
15.19851  0.005799 0.005507 0.000282
15.24917  0.005665 0.005508 0.000278
15.30000  0.005780 0.005508 0.000285
15.35100  0.005597 0.005509 0.000282
15.40217  0.005421 0.005515 0.000285
15.45351  0.005224 0.005509 0.000288
15.50502  0.005893 0.005503 0.000291
15.55671  0.005010 0.005502 0.000286
15.60856  0.005655 0.005500 0.000284
15.66059  0.005395 0.005498 0.000294
15.71279  0.005885 0.005497 0.000292
15.76517  0.005820 0.005495 0.000315
15.81772  0.006012 0.005494 0.000296
15.87045  0.005304 0.005492 0.000315
15.92335  0.005666 0.005488 0.000302
15.97643  0.005653 0.005486 0.000307
16.02968  0.005330 0.005482 0.000312
16.08311  0.005261 0.005480 0.000320
16.13672  0.005051 0.005482 0.000310
16.19051  0.005617 0.005501 0.000308
16.24448  0.005668 0.005487 0.000310
16.29863  0.005548 0.005478 0.000330
16.35296  0.005612 0.005477 0.000310
16.40747  0.004962 0.005477 0.000320
16.46216  0.005569 0.005478 0.000330
16.51703  0.005033 0.005477 0.000333
16.57209  0.005475 0.005475 0.000324
16.62733  0.005734 0.005473 0.000332
16.68275  0.005116 0.005474 0.000331
16.73836  0.005339 0.005480 0.000334
16.79416  0.005378 0.005477 0.000326
16.85014  0.005599 0.005471 0.000332
16.90631  0.005256 0.005471 0.000339
16.96266  0.005094 0.005474 0.000339
17.01920  0.005828 0.005468 0.000348
17.07593  0.005275 0.005466 0.000350
17.13285  0.005541 0.005465 0.000356
17.18996  0.005610 0.005467 0.000375
17.24726  0.006240 0.005465 0.000361
17.30475  0.005886 0.005464 0.000351
17.36244  0.005652 0.005463 0.000368
17.42031  0.005439 0.005462 0.000365
17.47838  0.006067 0.005461 0.000373
17.53664  0.006023 0.005462 0.000373
17.59510  0.005248 0.005462 0.000371
17.65375  0.005075 0.005461 0.000377
17.71259  0.005376 0.005460 0.000387
17.77163  0.005056 0.005460 0.000378
17.83087  0.005946 0.005459 0.000396
17.89031  0.005635 0.005458 0.000384
17.94994  0.005916 0.005458 0.000401
18.00978  0.005005 0.005459 0.000372
18.06981  0.005353 0.005458 0.000400
18.13004  0.005553 0.005458 0.000399
18.19047  0.005467 0.005458 0.000399
18.25111  0.005792 0.005458 0.000384
18.31195  0.005409 0.005461 0.000390
18.37299  0.005691 0.005462 0.000392
18.43423  0.005460 0.005458 0.000412
18.49568  0.005134 0.005458 0.000409
18.55733  0.005201 0.005458 0.000422
18.61919  0.005183 0.005459 0.000417
18.68125  0.005567 0.005459 0.000414
18.74352  0.005588 0.005458 0.000429
18.80600  0.005750 0.005458 0.000422
18.86869  0.005351 0.005458 0.000435
18.93158  0.004925 0.005458 0.000439
18.99469  0.004841 0.005459 0.000438
19.05800  0.005593 0.005458 0.000435
19.12153  0.005993 0.005458 0.000425
19.18527  0.005323 0.005458 0.000433
19.24922  0.005247 0.005459 0.000460
19.31338  0.005853 0.005460 0.000464
19.37776  0.005654 0.005459 0.000455
19.44235  0.005506 0.005458 0.000461
19.50716  0.004968 0.005458 0.000452
19.57219  0.005451 0.005458 0.000485
19.63743  0.005716 0.005458 0.000464
19.70288  0.004716 0.005460 0.000472
19.76856  0.005401 0.005459 0.000472
19.83446  0.005541 0.005458 0.000483
19.90057  0.005951 0.005459 0.000492
19.96691  0.005603 0.005458 0.000470
20.03346  0.005115 0.005457 0.000482
20.10024  0.005905 0.005457 0.000474
20.16724  0.005310 0.005457 0.000501
20.23447  0.005386 0.005457 0.000507
20.30191  0.006758 0.005459 0.000511
20.36959  0.005301 0.005458 0.000512
20.43749  0.005167 0.005457 0.000520
20.50561  0.005314 0.005457 0.000517
20.57396  0.004206 0.005458 0.000512
20.64254  0.005597 0.005460 0.000516
20.71135  0.005097 0.005459 0.000527
20.78039  0.005761 0.005458 0.000549
20.84966  0.006157 0.005457 0.000518
20.91916  0.005412 0.005457 0.000518
20.98889  0.006088 0.005458 0.000529
21.05885  0.006529 0.005458 0.000556
21.12904  0.005597 0.005462 0.000548
21.19948  0.005119 0.005462 0.000578
21.27014  0.005023 0.005458 0.000542
21.34104  0.005591 0.005458 0.000559
21.41218  0.005098 0.005458 0.000576
21.48355  0.004744 0.005458 0.000566
21.55516  0.005083 0.005458 0.000595
21.62701  0.005033 0.005458 0.000587
21.69910  0.005757 0.005458 0.000590
21.77143  0.006350 0.005459 0.000600
21.84401  0.005050 0.005465 0.000595
21.91682  0.004855 0.005462 0.000601
21.98987  0.005233 0.005458 0.000571
22.06317  0.005670 0.005459 0.000602
22.13672  0.005430 0.005458 0.000608
22.21051  0.005508 0.005458 0.000652
22.28454  0.005570 0.005458 0.000617
22.35882  0.005400 0.005458 0.000628
22.43335  0.005764 0.005458 0.000655
22.50813  0.005257 0.005458 0.000618
22.58316  0.004340 0.005461 0.000668
22.65844  0.005285 0.005462 0.000676
22.73396  0.005264 0.005458 0.000644
22.80974  0.005567 0.005458 0.000653
22.88578  0.006383 0.005458 0.000665
22.96206  0.004869 0.005458 0.000700
23.03860  0.006340 0.005458 0.000692
23.11540  0.005388 0.005459 0.000683
23.19245  0.004898 0.005460 0.000669
23.26976  0.005638 0.005459 0.000714
23.34732  0.004184 0.005458 0.000730
23.42515  0.003989 0.005459 0.000704
23.50323  0.006267 0.005460 0.000755
23.58158  0.004491 0.005459 0.000749
23.66018  0.005702 0.005459 0.000738
23.73905  0.005457 0.005462 0.000724
23.81818  0.005033 0.005467 0.000744
23.89757  0.005648 0.005468 0.000752
23.97723  0.006051 0.005462 0.000755
24.05715  0.005094 0.005458 0.000764
24.13735  0.004559 0.005458 0.000792
24.21780  0.004139 0.005458 0.000759
24.29853  0.006425 0.005458 0.000792
24.37952  0.004169 0.005458 0.000804
24.46079  0.007867 0.005458 0.000837
24.54233  0.005210 0.005458 0.000814
24.62413  0.005687 0.005458 0.000830
24.70621  0.005220 0.005458 0.000845
24.78857  0.006015 0.005458 0.000823
24.87120  0.004139 0.005458 0.000857
24.95410  0.006277 0.005460 0.000916
25.03728  0.004091 0.005464 0.000854
25.12074  0.005343 0.005467 0.000884
25.20447  0.004061 0.005468 0.000845
25.28849  0.006385 0.005464 0.000860
25.37278  0.005390 0.005462 0.000886
25.45736  0.006055 0.005460 0.000929
25.54222  0.005700 0.005458 0.000885
25.62736  0.004594 0.005458 0.000940
25.71278  0.006061 0.005458 0.000975
25.79849  0.006426 0.005459 0.000945
25.88449  0.006434 0.005464 0.000961
25.97077  0.004685 0.005468 0.001012
26.05734  0.006063 0.005465 0.000963
26.14420  0.005873 0.005459 0.000988
26.23134  0.005434 0.005458 0.001021
26.31878  0.004771 0.005459 0.000967
26.40651  0.005564 0.005459 0.000976
26.49453  0.004563 0.005461 0.000988
26.58285  0.006877 0.005466 0.001035
26.67146  0.006062 0.005467 0.001066
26.76036  0.005711 0.005464 0.001123
26.84956  0.006066 0.005460 0.001032
26.93906  0.004673 0.005462 0.001040
27.02886  0.007147 0.005466 0.001062
27.11895  0.005856 0.005463 0.001094
27.20935  0.004914 0.005459 0.001160
27.30005  0.008070 0.005458 0.001197
27.39105  0.005991 0.005458 0.001124
27.48235  0.006654 0.005459 0.001112
27.57396  0.004789 0.005459 0.001153
27.66587  0.005020 0.005459 0.001208
27.75809  0.006349 0.005460 0.001244
27.85062  0.004993 0.005463 0.001217
27.94345  0.004679 0.005468 0.001247
28.03660  0.008189 0.005468 0.001275
28.13006  0.004534 0.005467 0.001265
28.22382  0.006035 0.005470 0.001283
28.31790  0.003042 0.005469 0.001290
28.41229  0.006739 0.005469 0.001461
28.50700  0.006565 0.005469 0.001413
28.60203  0.006399 0.005469 0.001414
28.69737  0.003462 0.005464 0.001415
28.79302  0.004703 0.005461 0.001416
28.88900  0.004656 0.005461 0.001418
28.98530  0.005754 0.005461 0.001419
29.08191  0.004870 0.005461 0.001421
29.17885  0.005115 0.005463 0.001423
29.27612  0.007641 0.005463 0.001425
29.37370  0.004947 0.005465 0.001427
29.47162  0.006454 0.005461 0.001429
29.56985  0.003929 0.005460 0.001431
29.66842  0.004037 0.005462 0.001434
29.76732  0.006417 0.005468 0.001436
29.86654  0.009293 0.005473 0.001439
29.96610  0.007701 0.005467 0.001442