 0.80000  0.005494 0.005461 0.000108
 0.82667  0.005430 0.005459 0.000059
 0.85422  0.005503 0.005459 0.000067
 0.88270  0.005550 0.005459 0.000049
 0.91212  0.005503 0.005459 0.000031
 0.94252  0.005376 0.005459 0.000033
 0.97394  0.005476 0.005458 0.000025
 1.00641  0.005485 0.005458 0.000023
 1.03995  0.005424 0.005458 0.000022
 1.07462  0.005485 0.005458 0.000018
 1.11044  0.005479 0.005458 0.000017
 1.14745  0.005434 0.005458 0.000016
 1.18570  0.005470 0.005458 0.000016
 1.22522  0.005481 0.005458 0.000014
 1.26607  0.005463 0.005458 0.000014
 1.30827  0.005463 0.005457 0.000013
 1.35188  0.005458 0.005460 0.000016
 1.39694  0.005457 0.005461 0.000017
 1.44350  0.005486 0.005459 0.000017
 1.49162  0.005454 0.005458 0.000017
 1.54134  0.005452 0.005457 0.000016
 1.59272  0.005455 0.005458 0.000014
 1.64581  0.005446 0.005458 0.000014
 1.70067  0.005449 0.005457 0.000014
 1.75736  0.005454 0.005457 0.000016
 1.81594  0.005419 0.005459 0.000019
 1.87647  0.005455 0.005461 0.000021
 1.93902  0.005471 0.005462 0.000021
 2.00365  0.005495 0.005464 0.000022
 2.07044  0.005447 0.005461 0.000021
 2.13946  0.005479 0.005457 0.000021
 2.21077  0.005486 0.005458 0.000020
 2.28446  0.005465 0.005460 0.000021
 2.36061  0.005464 0.005460 0.000024
 2.43930  0.005428 0.005458 0.000028
 2.52061  0.005428 0.005460 0.000032
 2.60463  0.005510 0.005468 0.000034
 2.69145  0.005532 0.005487 0.000034
 2.78116  0.005459 0.005489 0.000037
 2.85000  0.005467 0.005470 0.000033
 2.94500  0.005419 0.005459 0.000032
 3.04317  0.005448 0.005458 0.000030
 3.14461  0.005411 0.005459 0.000029
 3.24943  0.005436 0.005465 0.000027
 3.35774  0.005450 0.005465 0.000026
 3.46966  0.005443 0.005460 0.000024
 3.58532  0.005473 0.005461 0.000024
 3.70483  0.005475 0.005458 0.000022
 3.82833  0.005468 0.005458 0.000022
 3.95594  0.005492 0.005458 0.000021
 4.08780  0.005451 0.005459 0.000022
 4.22406  0.005500 0.005507 0.000023
 4.36486  0.005535 0.005508 0.000026
 4.51036  0.005471 0.005475 0.000028
 4.66070  0.005438 0.005469 0.000029
 4.81606  0.005466 0.005479 0.000030
 4.97660  0.005456 0.005461 0.000031
 5.14248  0.005463 0.005459 0.000032
 5.31390  0.005478 0.005460 0.000033
 5.49103  0.005524 0.005462 0.000038
 5.67406  0.005479 0.005466 0.000038
 5.86320  0.005501 0.005471 0.000038
 6.05864  0.005462 0.005468 0.000037
 6.26059  0.005474 0.005463 0.000036
 6.46928  0.005460 0.005470 0.000038
 6.68492  0.005446 0.005468 0.000039
 6.90775  0.005478 0.005463 0.000039
 7.13801  0.005512 0.005461 0.000039
 7.37594  0.005471 0.005464 0.000039
 7.62181  0.005497 0.005467 0.000039
 7.87587  0.005454 0.005467 0.000039
 8.13840  0.005469 0.005460 0.000041
 8.40968  0.005433 0.005461 0.000042
 8.69000  0.005526 0.005465 0.000043
 8.97967  0.005479 0.005467 0.000044
 9.27899  0.005443 0.005476 0.000046
 9.58829  0.005567 0.005503 0.000047
 9.90790  0.005480 0.005493 0.000049
10.23816  0.005507 0.005466 0.000051
10.57943  0.005474 0.005458 0.000056
10.93208  0.005518 0.005457 0.000071
11.29648  0.005443 0.005457 0.000072
11.67303  0.005479 0.005457 0.000073
12.06213  0.005392 0.005458 0.000072
12.46421  0.005454 0.005460 0.000073
12.87968  0.005401 0.005463 0.000074
13.30900  0.005352 0.005473 0.000075
13.75264  0.005483 0.005485 0.000075
14.21106  0.005519 0.005493 0.000075
14.68476  0.005454 0.005508 0.000076
15.17425  0.005503 0.005514 0.000078
15.68006  0.005490 0.005498 0.000081
16.20273  0.005590 0.005483 0.000086
16.74282  0.005443 0.005475 0.000091
17.30091  0.005388 0.005464 0.000095
17.87761  0.005292 0.005459 0.000100
18.47353  0.005403 0.005459 0.000105
19.08931  0.005510 0.005458 0.000112
19.72562  0.005466 0.005458 0.000119
20.38315  0.005476 0.005458 0.000127
21.06258  0.005304 0.005459 0.000134
21.76467  0.005579 0.005459 0.000144
22.49016  0.005637 0.005459 0.000154
23.23983  0.005393 0.005459 0.000168
24.01449  0.005427 0.005461 0.000179
24.81497  0.005356 0.005460 0.000196
25.64214  0.005523 0.005461 0.000213
26.49688  0.005393 0.005461 0.000231
27.38011  0.005513 0.005460 0.000255
28.29278  0.005604 0.005467 0.000283
29.23587  0.005856 0.005462 0.000310