 0.80000  0.005441 0.005462 0.000063
 0.88000  0.005462 0.005459 0.000027
 0.96800  0.005454 0.005458 0.000015
 1.06480  0.005451 0.005458 0.000011
 1.17128  0.005455 0.005458 0.000009
 1.28841  0.005474 0.005458 0.000008
 1.41725  0.005470 0.005460 0.000010
 1.55897  0.005450 0.005458 0.000009
 1.71487  0.005464 0.005457 0.000009
 1.88636  0.005441 0.005461 0.000012
 2.07499  0.005447 0.005461 0.000012
 2.28249  0.005464 0.005459 0.000012
 2.51074  0.005455 0.005462 0.000018
 2.76182  0.005462 0.005481 0.000021
 2.85000  0.005493 0.005474 0.000019
 3.13500  0.005456 0.005460 0.000017
 3.44850  0.005469 0.005463 0.000014
 3.79335  0.005465 0.005459 0.000013
 4.17269  0.005461 0.005485 0.000013
 4.58995  0.005479 0.005479 0.000016
 5.04895  0.005453 0.005463 0.000018
 5.55384  0.005444 0.005464 0.000022
 6.10923  0.005417 0.005467 0.000021
 6.72015  0.005446 0.005467 0.000022
 7.39217  0.005430 0.005464 0.000022
 8.13138  0.005463 0.005463 0.000023
 8.94452  0.005494 0.005468 0.000025
 9.83897  0.005437 0.005490 0.000028
10.82287  0.005534 0.005458 0.000040
11.90516  0.005412 0.005458 0.000041
13.09567  0.005405 0.005468 0.000042
14.40524  0.005524 0.005500 0.000043
15.84576  0.005499 0.005494 0.000047
17.43034  0.005417 0.005465 0.000054
19.17337  0.005466 0.005458 0.000063
21.09071  0.005384 0.005459 0.000075
23.19978  0.005417 0.005459 0.000092
25.51976  0.005355 0.005461 0.000116
28.07174  0.005493 0.005463 0.000145