 0.80000  0.005371 0.005461 0.000142
 0.81600  0.005421 0.005459 0.000077
 0.83232  0.005505 0.005459 0.000076
 0.84897  0.005384 0.005459 0.000108
 0.86595  0.005554 0.005459 0.000079
 0.88326  0.005472 0.005459 0.000062
 0.90093  0.005440 0.005459 0.000043
 0.91895  0.005431 0.005458 0.000039
 0.93733  0.005434 0.005459 0.000047
 0.95607  0.005432 0.005459 0.000034
 0.97520  0.005511 0.005458 0.000032
 0.99470  0.005439 0.005458 0.000032
 1.01459  0.005465 0.005458 0.000028
 1.03489  0.005457 0.005458 0.000029
 1.05558  0.005462 0.005458 0.000025
 1.07669  0.005477 0.005458 0.000023
 1.09823  0.005447 0.005458 0.000022
 1.12019  0.005461 0.005458 0.000022
 1.14260  0.005471 0.005458 0.000021
 1.16545  0.005450 0.005458 0.000020
 1.18876  0.005476 0.005458 0.000020
 1.21253  0.005473 0.005458 0.000018
 1.23678  0.005462 0.005457 0.000018
 1.26152  0.005464 0.005459 0.000018
 1.28675  0.005477 0.005458 0.000018
 1.31248  0.005458 0.005457 0.000017
 1.33873  0.005476 0.005458 0.000020
 1.36551  0.005449 0.005461 0.000021
 1.39282  0.005486 0.005461 0.000022
 1.42068  0.005444 0.005460 0.000024
 1.44909  0.005445 0.005459 0.000022
 1.47807  0.005494 0.005458 0.000022
 1.50763  0.005471 0.005457 0.000021
 1.53779  0.005474 0.005457 0.000020
 1.56854  0.005459 0.005458 0.000019
 1.59991  0.005459 0.005458 0.000018
 1.63191  0.005457 0.005458 0.000018
 1.66455  0.005451 0.005458 0.000017
 1.69784  0.005429 0.005457 0.000017
 1.73180  0.005457 0.005457 0.000019
 1.76643  0.005465 0.005457 0.000022
 1.80176  0.005473 0.005458 0.000025
 1.83780  0.005479 0.005461 0.000025
 1.87455  0.005449 0.005461 0.000027
 1.91204  0.005402 0.005460 0.000027
 1.95028  0.005504 0.005463 0.000027
 1.98929  0.005489 0.005463 0.000027
 2.02907  0.005498 0.005464 0.000028
 2.06966  0.005495 0.005463 0.000028
 2.11105  0.005475 0.005458 0.000027
 2.15327  0.005422 0.005457 0.000026
 2.19634  0.005451 0.005458 0.000025
 2.24026  0.005472 0.005458 0.000026
 2.28507  0.005439 0.005460 0.000027
 2.33077  0.005451 0.005460 0.000029
 2.37738  0.005441 0.005460 0.000032
 2.42493  0.005461 0.005458 0.000035
 2.47343  0.005449 0.005459 0.000038
 2.52290  0.005474 0.005460 0.000042
 2.57336  0.005474 0.005466 0.000042
 2.62482  0.005396 0.005467 0.000044
 2.67732  0.005395 0.005490 0.000043
 2.73087  0.005392 0.005488 0.000048
 2.78548  0.005502 0.005492 0.000048
 2.85000  0.005516 0.005469 0.000043
 2.90700  0.005449 0.005460 0.000042
 2.96514  0.005499 0.005459 0.000041
 3.02444  0.005445 0.005458 0.000040
 3.08493  0.005508 0.005458 0.000038
 3.14663  0.005443 0.005459 0.000037
 3.20956  0.005439 0.005462 0.000036
 3.27375  0.005393 0.005467 0.000035
 3.33923  0.005482 0.005467 0.000033
 3.40601  0.005516 0.005461 0.000032
 3.47413  0.005464 0.005460 0.000032
 3.54362  0.005431 0.005460 0.000031
 3.61449  0.005450 0.005461 0.000030
 3.68678  0.005477 0.005458 0.000029
 3.76051  0.005475 0.005458 0.000028
 3.83572  0.005463 0.005458 0.000028
 3.91244  0.005511 0.005460 0.000027
 3.99069  0.005438 0.005458 0.000027
 4.07050  0.005470 0.005459 0.000029
 4.15191  0.005475 0.005463 0.000030
 4.23495  0.005550 0.005522 0.000030
 4.31965  0.005530 0.005522 0.000033
 4.40604  0.005485 0.005496 0.000034
 4.49416  0.005479 0.005477 0.000036
 4.58405  0.005502 0.005466 0.000036
 4.67573  0.005517 0.005470 0.000037
 4.76924  0.005510 0.005484 0.000038
 4.86463  0.005466 0.005472 0.000039
 4.96192  0.005393 0.005461 0.000040
 5.06116  0.005438 0.005458 0.000042
 5.16238  0.005471 0.005460 0.000042
 5.26563  0.005407 0.005460 0.000043
 5.37094  0.005424 0.005461 0.000044
 5.47836  0.005476 0.005462 0.000050
 5.58793  0.005472 0.005464 0.000049
 5.69969  0.005468 0.005467 0.000049
 5.81368  0.005505 0.005470 0.000049
 5.92995  0.005499 0.005471 0.000049
 6.04855  0.005486 0.005468 0.000048
 6.16952  0.005436 0.005466 0.000048
 6.29291  0.005434 0.005462 0.000047
 6.41877  0.005454 0.005469 0.000047
 6.54715  0.005506 0.005471 0.000050
 6.67809  0.005535 0.005468 0.000051
 6.81165  0.005572 0.005466 0.000051
 6.94788  0.005475 0.005462 0.000050
 7.08684  0.005473 0.005462 0.000051
 7.22858  0.005500 0.005462 0.000050
 7.37315  0.005531 0.005464 0.000050
 7.52061  0.005404 0.005464 0.000050
 7.67103  0.005478 0.005470 0.000050
 7.82445  0.005465 0.005468 0.000050
 7.98094  0.005355 0.005464 0.000051
 8.14055  0.005458 0.005459 0.000053
 8.30337  0.005419 0.005459 0.000053
 8.46943  0.005427 0.005462 0.000055
 8.63882  0.005453 0.005464 0.000056
 8.81160  0.005441 0.005467 0.000056
 8.98783  0.005514 0.005467 0.000057
 9.16759  0.005341 0.005469 0.000058
 9.35094  0.005460 0.005483 0.000060
 9.53796  0.005489 0.005502 0.000061
 9.72872  0.005471 0.005503 0.000063
 9.92329  0.005460 0.005493 0.000063
10.12176  0.005557 0.005475 0.000065
10.32419  0.005508 0.005461 0.000068
10.53067  0.005518 0.005458 0.000072
10.74129  0.005515 0.005457 0.000091
10.95611  0.005423 0.005457 0.000092
11.17524  0.005559 0.005457 0.000092
11.39874  0.005464 0.005457 0.000094
11.62672  0.005258 0.005457 0.000094
11.85925  0.005509 0.005457 0.000094
12.09644  0.005442 0.005458 0.000094
12.33836  0.005316 0.005459 0.000095
12.58513  0.005502 0.005461 0.000095
12.83683  0.005516 0.005462 0.000096
13.09357  0.005542 0.005467 0.000097
13.35544  0.005398 0.005474 0.000097
13.62255  0.005427 0.005481 0.000098
13.89500  0.005422 0.005489 0.000098
14.17290  0.005512 0.005492 0.000098
14.45636  0.005458 0.005503 0.000099
14.74549  0.005434 0.005509 0.000100
15.04040  0.005681 0.005518 0.000100
15.34120  0.005477 0.005509 0.000103
15.64803  0.005499 0.005499 0.000106
15.96099  0.005469 0.005486 0.000111
16.28021  0.005314 0.005484 0.000113
16.60581  0.005513 0.005476 0.000118
16.93793  0.005341 0.005471 0.000119
17.27669  0.005325 0.005464 0.000125
17.62222  0.005427 0.005461 0.000129
17.97467  0.005482 0.005458 0.000132
18.33416  0.005482 0.005459 0.000136
18.70084  0.005271 0.005458 0.000143
19.07486  0.005508 0.005458 0.000148
19.45636  0.005551 0.005458 0.000153
19.84548  0.005666 0.005459 0.000159
20.24239  0.005492 0.005458 0.000165
20.64724  0.005257 0.005458 0.000171
21.06019  0.005595 0.005459 0.000177
21.48139  0.005505 0.005458 0.000186
21.91102  0.005322 0.005460 0.000191
22.34924  0.005469 0.005458 0.000203
22.79622  0.005321 0.005459 0.000213
23.25215  0.005421 0.005459 0.000220
23.71719  0.005724 0.005463 0.000234
24.19153  0.005589 0.005458 0.000242
24.67536  0.005692 0.005458 0.000258
25.16887  0.005261 0.005464 0.000268
25.67225  0.006029 0.005459 0.000286
26.18569  0.005346 0.005461 0.000299
26.70941  0.004706 0.005463 0.000316
27.24360  0.005131 0.005460 0.000335
27.78847  0.005273 0.005462 0.000361
28.34424  0.005966 0.005468 0.000387
28.91112  0.005481 0.005462 0.000415
29.48935  0.005776 0.005463 0.000418